*0
;map
0 9 10 3 0
6 6 3 1 1
12 9 6 3 0
13 4 2 1 1
18 7 2 5 0
20 9 11 3 0
27 6 3 1 1
34 9 9 3 0
37 6 4 1 1
43 7 13 5 0
47 2 4 1 1
58 8 9 4 0
67 6 2 6 0
69 9 2 3 0
73 9 7 3 0
#
;bk
5 7 3 2 0
14 7 3 2 0
23 7 3 2 0
26 7 3 2 0
38 7 3 2 0
52 5 3 2 0
61 6 3 2 0
64 6 3 2 0
76 7 3 2 1
10 10 3 2 2
31 10 3 2 2
56 10 3 2 2
71 10 3 2 2
#
;enemy
17 8 1 1 0 12 17
27 8 1 1 0 20 30
41 8 1 1 0 34 42
52 6 1 1 0 43 55
54 6 1 1 0 43 55
65 7 1 1 0 58 66
#
;coin
6 5 1 1 3
18 6 1 1 3
19 6 1 1 3
27 5 1 1 3
28 5 1 1 3
29 5 1 1 3
38 5 1 1 3
39 5 1 1 3
61 5 1 1 3
62 5 1 1 3
63 5 1 1 3
64 5 1 1 3
65 5 1 1 3
#
*1
;map 01 ////////////////////////////////////// 1
0 9 15 3 3
15 7 14 5 3
31 9 12 3 3
43 7 5 5 3
48 9 8 3 3
56 7 4 5 3
62 7 4 5 3
68 9 12 3 3
#
;bk
0 7 3 2 0
5 7 3 2 0
13 7 3 2 0
23 7 3 2 0
26 7 3 2 0
38 7 3 2 0
41 7 3 2 0
76 7 3 2 1
29 10 3 2 2
60 10 3 2 2
66 10 3 2 2
#
;enemy
23 6 1 1 0 15 28
25 6 1 1 0 15 28
27 6 1 1 0 15 28
42 8 1 1 0 31 42
52 8 1 1 0 48 55
54 8 1 1 0 48 55
#
;coin
6 5 1 1 3
7 5 1 1 3
8 5 1 1 3
9 5 1 1 3
18 4 1 1 3
19 4 1 1 3
35 6 1 1 3
37 6 1 1 3
39 6 1 1 3
51 6 1 1 3
53 6 1 1 3
#
*2
;map 02 /////////////////////// 2 
0 9 10 3 6
12 9 6 3 6
13 4 2 1 7
18 7 3 1 7
20 9 11 3 6
22 5 3 1 7
34 9 9 3 6
37 6 4 1 7
43 4 4 1 7
46 7 10 5 6
58 8 9 4 6
69 9 2 3 6
73 9 7 3 6
#
;bk
5 7 3 2 0
14 7 3 2 0
23 7 3 2 0
26 7 3 2 0
38 7 3 2 0
52 5 3 2 0
61 6 3 2 0
64 6 3 2 0
76 7 3 2 1
#
;enemy
17 8 1 1 0 12 17
27 8 1 1 0 20 30
41 8 1 1 0 34 42
52 6 1 1 0 46 55
54 6 1 1 0 46 55
65 7 1 1 0 58 66
#
;coin
6 5 1 1 3
7 5 1 1 3
18 6 1 1 3
19 6 1 1 3
20 6 1 1 3
22 4 1 1 3
23 4 1 1 3
24 4 1 1 3
43 3 1 1 3
44 3 1 1 3
45 3 1 1 3
46 3 1 1 3
60 5 1 1 3
61 5 1 1 3
62 5 1 1 3
63 5 1 1 3
#
